Time (s),Raw Signal
0.0,0.0
0.033370165745856356,-0.0028121283316013862
0.06674033149171271,-0.006080568914338943
0.10011049723756907,-0.009809511451124471
0.13348066298342542,0.0037185469913671256
0.16685082872928178,-0.0003866469306719946
0.20022099447513814,-0.006791500673648879
0.2335911602209945,-0.0013320911832460929
0.26696132596685085,0.005696262606101022
0.30033149171270723,0.030589718129908735
0.33370165745856356,0.046228405282096444
0.3670718232044199,0.06818934283500276
0.4004419889502763,0.07227037885142565
0.43381215469613266,0.09599546471154388
0.467182320441989,0.11231487467059674
0.5005524861878453,0.08422085441370833
0.5339226519337017,0.08673302116403864
0.5672928176795581,0.034127141673320954
0.6006629834254145,0.045101780804703784
0.6340331491712707,0.02272667725533119
0.6674033149171271,0.025631421538330125
0.7007734806629835,0.03880092739230894
0.7341436464088398,0.012346646980992118
0.7675138121546962,0.0459154159556752
0.8008839779005525,0.00793330025507243
0.8342541436464089,0.019917795870776238
0.8676243093922653,0.03990800366292568
0.9009944751381216,0.027212796869883975
0.934364640883978,0.000602223684104156
0.9677348066298344,0.01839978818984575
1.0011049723756906,0.02728240620998672
1.0344751381215471,0.033434772629220504
1.0678453038674034,-0.023926310210207805
1.1012154696132597,0.015430901517203995
1.1345856353591162,-0.060165206499870505
1.1679558011049724,-0.05123805800926961
1.201325966850829,0.006953820875051758
1.2346961325966852,-0.0881494197955934
1.2680662983425415,-0.11168567368396655
1.301436464088398,-0.13333074262263342
1.3348066298342542,-0.1088816878285345
1.3681767955801105,-0.11652652457525811
1.401546961325967,-0.08964435059344442
1.4349171270718233,-0.10314483127720743
1.4682872928176796,-0.016179220841674846
1.501657458563536,0.02552392804776516
1.5350276243093923,0.07606619008738486
1.5683977900552488,0.1077744859919243
1.601767955801105,0.11711902197148286
1.6351381215469614,0.10513669945620147
1.6685082872928179,0.05335988496908769
1.7018784530386741,0.08198511888699678
1.7352486187845306,0.2134718216341611
1.768618784530387,0.2527018085707962
1.8019889502762432,0.2295289050061891
1.8353591160220997,0.23943918669166572
1.868729281767956,0.11669392443094012
1.9020994475138122,0.180351575877426
1.9354696132596687,0.07170299077259208
1.968839779005525,-0.02610941957280903
2.0022099447513813,-0.021328530886602592
2.0355801104972375,-0.08874998261131847
2.0689502762430942,-0.07092495819382963
2.1023204419889505,-0.12896492240117513
2.135690607734807,-0.0917661751012515
2.169060773480663,-0.0951333394184425
2.2024309392265193,-0.08832674557157008
2.235801104972376,-0.05409168945236862
2.2691712707182323,-0.1317722278179333
2.3025414364640886,-0.15482348531183965
2.335911602209945,-0.1466969023382152
2.369281767955801,-0.07181653952101587
2.402651933701658,-0.033135270488580656
2.436022099447514,0.037467458116594056
2.4693922651933704,-0.19404887138088608
2.5027624309392267,-0.20601221913137735
2.536132596685083,-0.21015365878356973
2.5695027624309392,-0.20088094722285696
2.602872928176796,-0.032080349219527314
2.636243093922652,-0.040803822131967774
2.6696132596685085,-0.11768580318192322
2.7029834254143648,-0.09953374549520223
2.736353591160221,-0.07407132675531837
2.7697237569060777,-0.07781713114422957
2.803093922651934,-0.06096265461020437
2.8364640883977903,0.001007264498168692
2.8698342541436466,0.013040263406875424
2.903204419889503,-0.030380221951907253
2.936574585635359,-0.0201525512708658
2.969944751381216,0.0355049033940201
3.003314917127072,-0.10614670558024832
3.0366850828729284,-0.4532402429812336
3.0700552486187846,-0.45749133252844393
3.103425414364641,-0.45490994010597985
3.1367955801104976,-0.43440239353772364
3.170165745856354,-0.34296193436849465
3.20353591160221,0.05270360607289046
3.2369060773480665,0.02843467201425002
3.2702762430939227,0.09067212567649698
3.3036464088397794,0.08447025814522695
3.3370165745856357,0.41211796166978115
3.370386740331492,0.4368293154587924
3.4037569060773483,0.04634115826936498
3.4371270718232045,0.1307136701412014
3.4704972375690613,0.19592042575261634
3.5038674033149175,-0.004697215598236758
3.537237569060774,-0.01277250358242175
3.57060773480663,-0.019217960085421103
3.6039779005524863,0.07593976041503443
3.6373480662983426,0.1333468449852925
3.6707182320441993,0.05730185026353297
3.7040883977900556,0.055913249319448
3.737458563535912,0.11800391043751908
3.770828729281768,0.13063888583352562
3.8041988950276244,0.061338428362850916
3.837569060773481,-0.07709401934985123
3.8709392265193374,-0.05543265656957478
3.9043093922651937,-0.12317755280263584
3.93767955801105,-0.1040943613860923
3.9710497237569062,-0.11742582192069051
4.0044198895027625,-0.10858275344267782
4.037790055248619,-0.12305594755606887
4.071160220994475,-0.12868373354498783
4.104530386740332,-0.1330301269323379
4.1379005524861885,-0.1385621975786027
4.171270718232044,-0.1516939880583528
4.204640883977901,-0.16329976629511964
4.238011049723757,-0.1602029077088524
4.271381215469614,-0.11861371360856388
4.30475138121547,-0.06283685039823907
4.338121546961326,-0.09019705872492242
4.371491712707183,-0.025748065539909458
4.404861878453039,0.02096675171350901
4.438232044198895,0.016497200318720952
4.471602209944752,0.07701109917953573
4.504972375690608,0.07733736429593391
4.538342541436465,0.10733251950692461
4.5717127071823205,0.1442611016584853
4.605082872928177,0.16357242290027135
4.638453038674034,0.14430756892007596
4.67182320441989,0.15381258765834696
4.7051933701657465,0.1712729395087752
4.738563535911602,0.30212858963222855
4.771933701657459,0.3529484571980511
4.805303867403316,0.3479644304321555
4.8386740331491715,0.391173046291611
4.872044198895028,0.3354340161063815
4.905414364640884,0.2599247926376463
4.938784530386741,0.04475517509652035
4.972154696132597,-0.04866174380461922
5.005524861878453,-0.05325472572416665
5.03889502762431,-0.07743889094821674
5.072265193370166,-0.09787730210866495
5.105635359116023,-0.14449777099796418
5.1390055248618784,-0.15405619492608208
5.172375690607735,-0.08618681699674025
5.205745856353592,-0.02567084250076511
5.239116022099448,-0.09373162990277296
5.272486187845304,-0.1061955057023771
5.30585635359116,-0.0739057986871633
5.339226519337017,-0.10240271892623687
5.372596685082874,0.040627531238323314
5.4059668508287295,0.026165961621720205
5.439337016574586,0.011369021134239262
5.472707182320442,-0.008586448427635526
5.506077348066299,-0.020574764149309435
5.5394475138121555,-0.05505085275675653
5.572817679558011,-0.04527036553595572
5.606187845303868,0.016359775385241047
5.639558011049724,0.013388201870593424
5.672928176795581,0.05247789128748515
5.706298342541437,0.12911834613303022
5.739668508287293,0.18061683958980235
5.77303867403315,0.10860934745670411
5.806408839779006,0.06623736509624813
5.839779005524862,0.026474883119188313
5.873149171270718,-0.0035165122153253386
5.906519337016575,0.009763820413921823
5.939889502762432,-0.0008486322964199088
5.9732596685082875,0.11299599536079197
6.006629834254144,-0.31066651769443304
6.04,-0.20381710592400534
6.073370165745857,-0.19515543909955393
6.1067403314917135,-0.30817548692065244
6.140110497237569,-0.35199853259474323
6.173480662983426,-0.2139195097894823
6.206850828729282,-0.15156122903649935
6.240220994475139,-0.02198741588616329
6.273591160220995,-0.07273310643560302
6.306961325966851,0.03071271236344071
6.340331491712708,0.06860404915940546
6.373701657458564,0.13767982857884775
6.40707182320442,0.2281167320310217
6.440441988950277,0.6789042555690239
6.473812154696133,0.788223044188115
6.50718232044199,0.5908142739407405
6.5405524861878455,0.6304713291971621
6.573922651933702,0.5876556713431174
6.607292817679559,0.6121900429530691
6.640662983425415,0.5760056498200707
6.674033149171271,0.4733225235435611
6.707403314917127,0.48422009449060244
6.740773480662984,0.303175075385
6.774143646408841,0.258542684314972
6.8075138121546965,0.24830626496952046
6.840883977900553,0.0669436136478581
6.874254143646409,0.07914223152716071
6.907624309392266,0.09059391963498821
6.9409944751381225,-0.15124428801279938
6.974364640883978,-0.15506842266502863
7.007734806629835,-0.3191100855448151
7.041104972375691,-0.32441178825569594
7.074475138121548,-0.4651336852649257
7.107845303867403,-0.4848669983779468
7.14121546961326,-0.45993792773003717
7.174585635359117,-0.36212425434730633
7.207955801104973,-0.33327803168296205
7.241325966850829,-0.3261208045435625
7.274696132596685,-0.30131009819555943
7.308066298342542,-0.2663948268049885
7.341436464088399,-0.300250404518717
7.3748066298342545,-0.28113672697596015
7.408176795580111,-0.24309157565617168
7.441546961325967,-0.20703948185313667
7.474917127071824,-0.1840139904689149
7.5082872928176805,-0.12319145939379554
7.541657458563536,-0.06711971256496482
7.575027624309393,0.01383907379226408
7.608397790055249,0.021504876924111686
7.641767955801106,0.07885661389895
7.675138121546962,0.020636109561248648
7.708508287292818,0.11883684440264909
7.741878453038675,0.18464677390805942
7.775248618784531,0.2489675682100583
7.808618784530387,0.3852978479892269
7.841988950276244,0.23164338224420744
7.8753591160221,0.3935870530381812
7.908729281767957,0.40874399524342253
7.9420994475138125,0.3922452973251815
7.975469613259669,0.28168841084021473
8.008839779005525,0.054892322270085815
8.042209944751383,0.05138125551131726
8.075580110497238,0.04579678221877056
8.108950276243094,0.04614374224373605
8.14232044198895,0.04141968261336945
8.175690607734808,0.03578758839724244
8.209060773480664,-0.11046339521915634
8.24243093922652,-0.09132494293989953
8.275801104972377,-0.07940159589905861
8.309171270718233,-0.10441103016002683
8.342541436464089,-0.20421955062155067
8.375911602209946,-0.22593418878291394
8.409281767955802,-0.2492480049142675
8.442651933701658,-0.1816174513437031
8.476022099447514,-0.11346761997054468
8.509392265193371,-0.1922509511863872
8.542762430939227,-0.17011340036389927
8.576132596685083,-0.226940600515336
8.60950276243094,-0.12244537337496658
8.642872928176796,-0.09161165518955439
8.676243093922652,-0.12085111725954582
8.709613259668508,-0.08738295852733738
8.742983425414366,-0.033050819874584414
8.776353591160222,-0.0681279769120432
8.809723756906077,-0.031482727962220944
8.843093922651935,-0.04925668995025725
8.87646408839779,-0.05840963700903753
8.909834254143647,-0.03958636687549871
8.943204419889504,-0.026519253688819917
8.97657458563536,-0.0751275626624424
9.009944751381216,-0.22840628632920423
9.043314917127072,-0.21317963344519117
9.07668508287293,-0.15673531385958717
9.110055248618785,-0.11594344198721647
9.143425414364641,-0.1011519490317987
9.176795580110499,-0.048731648390726974
9.210165745856354,-0.022917590501734482
9.24353591160221,-0.09291579064244654
9.276906077348068,-0.08089509143030446
9.310276243093924,-0.09207729682562026
9.34364640883978,-0.03475839730970994
9.377016574585635,-0.06722054493751313
9.410386740331493,-0.1039872018140547
9.443756906077349,-0.06481707815590267
9.477127071823205,0.0010533879546042566
9.510497237569062,0.17515194546992646
9.543867403314918,0.16371119821149283
9.577237569060774,0.1914862947172826
9.610607734806631,0.2232788398833625
9.643977900552487,0.20957166796590374
9.677348066298343,0.08863904836341145
9.710718232044199,0.23462789262688202
9.744088397790057,0.21897306689553442
9.777458563535912,0.2182983829361082
9.810828729281768,0.23440012506641147
9.844198895027626,0.2545613588771875
9.877569060773482,0.1985679002509969
9.910939226519337,0.1629892201822286
9.944309392265193,0.08118893912252502
9.97767955801105,0.06872209574788657
10.011049723756907,0.02434126497776069
10.044419889502763,-0.004396217511337236
10.07779005524862,-0.023850049301762336
10.111160220994476,-0.01814382718384936
10.144530386740332,-0.0004923134770762035
10.17790055248619,-0.06208161750001951
10.211270718232045,-0.006783837120384363
10.244640883977901,-0.10544151863355646
10.278011049723757,-0.03370898625018697
10.311381215469615,-0.0047187321587034824
10.34475138121547,0.07090700131271481
10.378121546961326,0.01923580296777668
10.411491712707184,-0.050186363890484836
10.44486187845304,-0.06688966918643935
10.478232044198895,0.05803960570084578
10.511602209944753,0.03896862515438218
10.544972375690609,0.06191422926059243
10.578342541436465,0.06262147384011767
10.61171270718232,0.003947428540732105
10.645082872928178,0.11165002769917802
10.678453038674034,0.09230161813526866
10.71182320441989,0.05548621019056905
10.745193370165747,0.12414844814801605
10.778563535911603,0.06387502976676845
10.811933701657459,-0.024995610205079136
10.845303867403315,-0.09259745891327183
10.878674033149172,-0.15903847868241053
10.912044198895028,-0.04870756065020628
10.945414364640884,0.06243605832836385
10.978784530386742,-0.05807362437637055
11.012154696132598,-0.057758244920019915
11.045524861878453,-0.2304560004337568
11.078895027624311,-0.19900922975617344
11.112265193370167,-0.17349806560673095
11.145635359116023,-0.15030786205996996
11.179005524861878,-0.06276620325817554
11.212375690607736,-0.1273759149393967
11.245745856353592,-0.12815126407631372
11.279116022099448,-0.03492591173234148
11.312486187845305,-0.03541312352465089
11.345856353591161,-0.12100898101844922
11.379226519337017,-0.08425085289813365
11.412596685082875,-0.0019311380715564873
11.44596685082873,0.002293133357387512
11.479337016574586,-0.044038599328168865
11.512707182320442,-0.05625621919997286
11.5460773480663,0.04316285757999956
11.579447513812156,0.05116727444502058
11.612817679558011,0.04658534230356874
11.646187845303869,0.12298766832065502
11.679558011049725,0.198103928502699
11.71292817679558,0.1505160558480621
11.746298342541436,0.12787923088790099
11.779668508287294,0.13739389811852798
11.81303867403315,0.05324681037216908
11.846408839779006,0.16004816841181138
11.879779005524863,0.022447605577675698
11.91314917127072,0.013804643534097872
11.946519337016575,0.1423361609648425
11.979889502762433,0.14475760310729596
12.013259668508288,-0.25849953053753216
12.046629834254144,-0.16184927031921015
12.08,-0.13370651419393467
12.113370165745858,-0.10314951975336412
12.146740331491714,-0.12530970329536664
12.18011049723757,-0.13673457358333455
12.213480662983427,-0.10913382507095529
12.246850828729283,-0.11484646641524768
12.280220994475139,-0.08302529208515509
12.313591160220996,-0.07771508365245657
12.346961325966852,-0.08079743887866625
12.380331491712708,-0.13557399387008773
12.413701657458564,-0.03822741506299852
12.447071823204421,-0.042103534988028324
12.480441988950277,0.04855449345762764
12.513812154696133,0.10497402575939811
12.54718232044199,-0.023951794201328678
12.580552486187846,0.031022530370802708
12.613922651933702,-0.003445579626193957
12.64729281767956,0.02113667508766606
12.680662983425416,0.04131081233371118
12.714033149171271,0.07706082073097739
12.747403314917127,-0.027375413613475435
12.780773480662985,-0.044427344372802276
12.81414364640884,0.022318615088801976
12.847513812154697,-0.09562947412306913
12.880883977900554,-0.11296136096805647
12.91425414364641,-0.15584910834955967
12.947624309392266,-0.08883706532261916
12.980994475138122,-0.08549192297239705
13.01436464088398,-0.09142426823121966
13.047734806629835,-0.10540068923370509
13.081104972375691,-0.08174279441672283
13.114475138121549,-0.16281346079334158
13.147845303867404,-0.10731474596471739
13.18121546961326,-0.026225153756451455
13.214585635359118,-0.008244984967389702
13.247955801104974,-0.013106366434094399
13.28132596685083,-0.0821913184782261
13.314696132596685,-0.061878294394092793
13.348066298342543,-0.01046588622868601
13.381436464088399,-0.027511257400636518
13.414806629834255,-0.009718744774292104
13.448176795580112,0.029376633084773913
13.481546961325968,0.028336297416998737
13.514917127071824,0.062395077196578504
13.548287292817681,0.06305804645896428
13.581657458563537,0.07710005983880257
13.615027624309393,0.1751526714527699
13.648397790055249,0.2834925046324305
13.681767955801106,0.19409447826841525
13.715138121546962,0.28166995357834895
13.748508287292818,0.2124522868699981
13.781878453038676,0.2455811182733272
13.815248618784532,0.2913389617302272
13.848618784530387,0.10890708354505439
13.881988950276245,0.1553477189025349
13.9153591160221,0.1550791613823359
13.948729281767957,0.055235511260325026
13.982099447513813,0.06953985780803867
14.01546961325967,-0.0765734067856112
14.048839779005526,-0.044285017117981974
14.082209944751382,-0.04414302521710661
14.11558011049724,-0.12351505195256086
14.148950276243095,-0.12004217206956429
14.182320441988951,-0.13674154608717215
14.215690607734807,-0.12840960047690336
14.249060773480664,-0.13209469980186755
14.28243093922652,-0.10912796689899287
14.315801104972376,-0.1395808532843159
14.349171270718234,-0.1585592348687762
14.38254143646409,-0.13109293022068563
14.415911602209945,-0.18043765377345244
14.449281767955803,-0.14397232067861113
14.482651933701659,-0.18751123755252425
14.516022099447515,-0.22048776348709037
14.54939226519337,-0.09141813321128041
14.582762430939228,-0.09801462282115903
14.616132596685084,-0.07341879482699315
14.64950276243094,0.018868647748919852
14.682872928176797,0.12145702512829686
14.716243093922653,0.16405468059473735
14.749613259668509,0.16309736679964185
14.782983425414367,0.13106324563461855
14.816353591160222,0.06540130881373306
14.849723756906078,0.1022269927206796
14.883093922651934,0.10070698066037366
14.916464088397792,0.0988064825141957
14.949834254143648,0.03656886373149227
14.983204419889503,0.04192305713985002
15.016574585635361,-0.010244914981690594
15.049944751381217,-0.06022179390166084
15.083314917127073,-0.0237235467422358
15.116685082872928,-0.021274920111942465
15.150055248618786,0.004699273798069119
15.183425414364642,0.0003623472716041531
15.216795580110498,0.14903038104741995
15.250165745856355,0.025445266488305897
15.283535911602211,0.03623457566537933
15.316906077348067,-0.04107503115511508
15.350276243093925,-0.08965243226588905
15.38364640883978,-0.16712761729374362
15.417016574585636,-0.13560960131788669
15.450386740331492,-0.19430853701993397
15.48375690607735,-0.15518504963232377
15.517127071823205,-0.054301012997428316
15.550497237569061,-0.0794892246873611
15.583867403314919,-0.08067018709974219
15.617237569060775,0.03983979208744704
15.65060773480663,-0.020714904637676522
15.683977900552488,-0.07209912388495131
15.717348066298344,0.01356344455553929
15.7507182320442,0.07402598632597474
15.784088397790056,0.010021784126201512
15.817458563535913,0.1689548074814217
15.85082872928177,0.2480571377621133
15.884198895027625,0.3564263574564799
15.917569060773483,0.20455001965671327
15.950939226519338,0.14750776026245604
15.984309392265194,0.1899868835230356
16.01767955801105,-0.10203677219278703
16.051049723756908,-0.06268246110375932
16.084419889502765,-0.05055651643144579
16.11779005524862,-0.1241900308431019
16.151160220994477,-0.07005230106380364
16.18453038674033,-0.0651850879673471
16.21790055248619,-0.12165171226582648
16.251270718232046,-0.15393704349868834
16.2846408839779,-0.19235375518964581
16.318011049723758,0.033123726083030956
16.351381215469615,0.03091734056901998
16.38475138121547,0.06999619661925614
16.418121546961327,0.13602960051271704
16.451491712707185,0.015193144597867362
16.48486187845304,-0.08629888337463597
16.518232044198896,-0.02609020718758279
16.551602209944754,-0.09940288219039721
16.584972375690608,-0.007508819273833676
16.618342541436466,0.08982873546867037
16.651712707182323,0.05333518377127795
16.685082872928177,0.1630723537926081
16.718453038674035,0.29039959770745966
16.751823204419892,0.22128017170126127
16.785193370165747,0.17532138145984566
16.818563535911604,-0.011459728857354955
16.851933701657458,-0.022070033787104863
16.885303867403316,-0.03584682400294696
16.918674033149173,-0.04559610583711127
16.952044198895027,0.08654114920039223
16.985414364640885,0.09558011547838027
17.018784530386743,0.14384186339850472
17.052154696132597,0.04685452481868179
17.085524861878454,-0.05848246805501028
17.118895027624312,-0.05497714792613598
17.152265193370166,-0.10599948037854769
17.185635359116024,-0.06364330654321323
17.21900552486188,0.07632278925406621
17.252375690607735,-0.08059625427334857
17.285745856353593,-0.057612814219184134
17.31911602209945,-0.10414896862933931
17.352486187845304,-0.14377976467238757
17.385856353591162,-0.13584000193574536
17.419226519337016,-0.15979573675864542
17.452596685082874,-0.1779253219317181
17.48596685082873,-0.07002389084284188
17.519337016574585,-0.021005818839925975
17.552707182320443,-0.05876018788928624
17.5860773480663,0.024684387350667397
17.619447513812155,0.0058314994672698465
17.652817679558012,-0.043275568644933364
17.68618784530387,-0.016197872187953103
17.719558011049724,-0.025581948632639344
17.75292817679558,0.04815796737830444
17.78629834254144,0.07751154517065409
17.819668508287293,0.10535483547323883
17.85303867403315,0.11859511923349336
17.88640883977901,0.09658309604095731
17.919779005524862,0.12615487487748434
17.95314917127072,0.17965544640056688
17.986519337016578,0.15563726510682854
18.01988950276243,-0.052788418005485796
18.05325966850829,-0.10914998622822439
18.086629834254143,0.0069861691906397865
18.12,0.006515211609702953
18.15337016574586,-0.018075287943234722
18.186740331491713,-0.0010090861996801782
18.22011049723757,0.08692124004276477
18.253480662983428,0.012476120038489318
18.286850828729282,0.0694007742071168
18.32022099447514,-0.029366227406888653
18.353591160220997,-0.10392031669658527
18.38696132596685,-0.08848619667852742
18.42033149171271,-0.05670636343798842
18.453701657458566,-0.03038064852422952
18.48707182320442,-0.05581044251383422
18.520441988950278,-0.01835061198761534
18.553812154696136,-0.04834463036310373
18.58718232044199,-0.02262622776176581
18.620552486187847,-0.06337505717001042
18.6539226519337,0.012177076895250624
18.68729281767956,0.014692261027934105
18.720662983425417,0.05868321981023831
18.75403314917127,0.026270001977786797
18.78740331491713,0.12330219590290564
18.820773480662986,0.054645248578288015
18.85414364640884,0.09932536430910585
18.887513812154697,0.12168838815853772
18.920883977900555,0.05487277714694937
18.95425414364641,0.08274889292583464
18.987624309392267,0.07791617417774856
19.020994475138124,0.02467378192868205
19.05436464088398,0.07677306379896472
19.087734806629836,0.0849837912174476
19.121104972375694,0.07323493653546259
19.154475138121548,0.04930930073063403
19.187845303867405,0.0074569809235829196
19.221215469613263,0.02722974434313786
19.254585635359117,-0.011102681541644874
19.287955801104975,-0.13229272160776276
19.32132596685083,-0.11438319843857048
19.354696132596686,-0.13939785073748578
19.388066298342544,-0.12332764247272847
19.421436464088398,-0.14552153314053434
19.454806629834255,-0.15175391355908543
19.488176795580113,-0.03570128673361694
19.521546961325967,-0.05024259697046204
19.554917127071825,-0.058339362348928836
19.588287292817682,-0.02342716392078224
19.621657458563536,-0.016865279534013428
19.655027624309394,0.07578017570601944
19.68839779005525,0.07418398829009121
19.721767955801106,0.07825485653188673
19.755138121546963,0.01606003370643025
19.78850828729282,0.02185648334914341
19.821878453038675,0.007568406452393778
19.855248618784533,-0.0067215141004683
19.888618784530387,0.011022297786850254
19.921988950276244,-0.012388969392524717
19.9553591160221,-0.0023724262281061437
19.988729281767956,-0.01479367977911158
20.022099447513813,-0.11925123609118365
20.05546961325967,-0.0980058522231733
20.088839779005525,-0.11320330994276791
20.122209944751383,-0.10995243653791059
20.15558011049724,-0.03265583922451209
20.188950276243094,-0.03393107965186517
20.222320441988952,-0.06456516421896473
20.25569060773481,-0.058097751108670534
20.289060773480664,-0.13110614059954467
20.32243093922652,-0.1191705700095447
20.35580110497238,-0.12470834424774904
20.389171270718233,-0.13280513025175864
20.42254143646409,-0.09440123411142769
20.455911602209945,-0.13367916198320914
20.489281767955802,-0.09555115875250883
20.52265193370166,-0.12930424581653138
20.556022099447514,-0.1112392580692942
20.58939226519337,-0.07567068416579598
20.62276243093923,-0.08330651411795258
20.656132596685083,-0.06937763434766704
20.68950276243094,-0.026206364827943987
20.7228729281768,-0.014865996965295027
20.756243093922652,-0.01302203624214239
20.78961325966851,0.03347181847265518
20.822983425414368,-0.03579838890171738
20.85635359116022,0.10495318131183497
20.88972375690608,0.056210649182777225
20.923093922651937,0.07777421529665014
20.95646408839779,0.028672590322444055
20.98983425414365,0.07716175736064315
21.023204419889506,0.1615560631679916
21.05657458563536,0.15629530625278562
21.089944751381218,0.10285724165343459
21.12331491712707,0.11839634024217893
21.15668508287293,0.030882903521759077
21.190055248618787,0.09353046013995114
21.22342541436464,0.05766494859922297
21.2567955801105,0.10601723894990593
21.290165745856356,0.061250034367867974
21.32353591160221,0.0639546904644673
21.356906077348068,-0.036384640304044515
21.390276243093926,-0.01100588174685059
21.42364640883978,0.007013493854732148
21.457016574585637,-0.01429265852406297
21.490386740331495,0.016817679379449373
21.52375690607735,0.002907871987904615
21.557127071823206,0.013747608752439314
21.590497237569064,-7.751578114823833e-05
21.623867403314918,0.0388990532257791
21.657237569060776,-0.007754532769432163
21.69060773480663,-0.026898110245481336
21.723977900552487,-0.021709075871026336
21.757348066298345,-0.049795402749869946
21.7907182320442,-0.025376315666743962
21.824088397790057,0.029758378098073416
21.857458563535914,0.04267201501869133
21.89082872928177,0.08824811533506893
21.924198895027626,0.18111315386717114
21.957569060773483,0.1847026516482974
21.990939226519338,0.14923074343051085
22.024309392265195,-0.027816556304123705
22.057679558011053,0.023874393783966986
22.091049723756907,0.024759544910281824
22.124419889502764,0.022743720873629858
22.157790055248622,0.020907815089741114
22.191160220994476,-0.05086933164599597
22.224530386740334,-0.04761300648270889
22.25790055248619,-0.060391445652576856
22.291270718232045,-0.06013003207207232
22.324640883977903,-0.12653241388343167
22.358011049723757,-0.14651784221050684
22.391381215469615,-0.15990992545886748
22.424751381215472,-0.1675610428767766
22.458121546961326,-0.1456944741254096
22.491491712707184,-0.14596417885849605
22.52486187845304,-0.15615843203024576
22.558232044198895,-0.17649274078398422
22.591602209944753,-0.18534356827708726
22.62497237569061,-0.16846975764197705
22.658342541436465,-0.07744134643194149
22.691712707182322,-0.03308825818266946
22.72508287292818,0.0639057086009479
22.758453038674034,0.0754801458820686
22.79182320441989,0.0635725537027263
22.82519337016575,0.10682576208912706
22.858563535911603,0.10350855638532519
22.89193370165746,0.12149740938270782
22.925303867403315,0.06919231826699686
22.958674033149173,0.09666910399468819
22.99204419889503,0.1582355197255163
23.025414364640884,0.14238595055569292
23.058784530386742,0.03324370933788999
23.0921546961326,0.10596307803270237
23.125524861878453,0.16501206200430402
23.15889502762431,0.029536333480716645
23.19226519337017,0.003992634260687383
23.225635359116023,-0.023589683950030544
23.25900552486188,0.052527812533518604
23.292375690607738,0.03152663738981691
23.325745856353592,0.025864132063817425
23.35911602209945,-0.003912436166897537
23.392486187845307,0.00979598580509881
23.42585635359116,-0.0062112948428835295
23.45922651933702,0.009196194165451404
23.492596685082873,0.007641408490183274
23.52596685082873,-0.014456214073380613
23.559337016574588,-0.09099801716898943
23.592707182320442,0.04434652071973687
23.6260773480663,0.048178501258038055
23.659447513812157,0.01931123376138919
23.69281767955801,0.039652951358983245
23.72618784530387,0.017412390399607923
23.759558011049727,-0.010079529967098044
23.79292817679558,0.009609388319206305
23.82629834254144,-0.02172263683246832
23.859668508287296,-0.00018858132067433165
23.89303867403315,-0.017386491295135947
23.926408839779008,0.0024020856377731186
23.959779005524865,-0.01036716636006577
23.99314917127072,-0.009636645407239887
24.026519337016577,0.0936536284416607
24.059889502762434,0.12920101398986722
24.09325966850829,0.14354933019478125
24.126629834254146,0.04351592788732026
24.16,0.0874129351080947
24.193370165745858,0.04373726497908098
24.226740331491715,0.13397150119816192
24.26011049723757,0.09698065752672064
24.293480662983427,0.10192107419158962
24.326850828729285,0.08358054826587856
24.36022099447514,0.130282004951312
24.393591160220996,0.03458218902373095
24.426961325966854,0.06532446237716967
24.460331491712708,0.08712199061756298
24.493701657458566,0.10280573506300703
24.527071823204423,0.09031058533974007
24.560441988950277,0.06233107001959516
24.593812154696135,0.0863094072003284
24.627182320441992,0.09664207783585255
24.660552486187846,0.08283369717611452
24.693922651933704,-0.08286450767676348
24.727292817679558,-0.1073871293712694
24.760662983425416,-0.10018983586391578
24.794033149171273,-0.10153752503740576
24.827403314917127,0.006648666497885872
24.860773480662985,0.06122593655381775
24.894143646408843,0.06329252977876222
24.927513812154697,0.12982857182213373
24.960883977900554,0.015567584534672472
24.994254143646412,-0.018990182265340414
25.027624309392266,-0.018783145431072266
25.060994475138124,-0.0170574533228213
25.09436464088398,-0.03553726511093842
25.127734806629835,-0.01235247173406135
25.161104972375693,-0.04988184514247518
25.19447513812155,-0.047210988093702194
25.227845303867404,0.02200274354043101
25.261215469613262,0.06279904079670828
25.29458563535912,0.05831367007522409
25.327955801104974,-0.02824265036055674
25.36132596685083,-0.10017366048586883
25.394696132596685,0.013980928423026222
25.428066298342543,-0.11701576610400703
25.4614364640884,-0.0665371336917415
25.494806629834255,-0.17121598233597066
25.528176795580112,-0.1965140781804323
25.56154696132597,-0.09172571757180614
25.594917127071824,-0.07797733956199583
25.62828729281768,-0.0580728583529847
25.66165745856354,-0.12685577911902823
25.695027624309393,-0.0939326436662984
25.72839779005525,-0.08431578566046434
25.76176795580111,-0.08571172448232861
25.795138121546962,-0.12685174693501775
25.82850828729282,-0.051706986084332475
25.861878453038678,-0.013943812847319898
25.89524861878453,-0.01652485241864079
25.92861878453039,-0.03955491310363594
25.961988950276243,0.020914970231841842
25.9953591160221,0.17380854013623587
26.02872928176796,0.18007081376505446
26.062099447513813,0.2279050906572872
26.09546961325967,0.18523583332022894
26.128839779005528,0.20192868118354426
26.162209944751382,0.17087539819356531
26.19558011049724,0.1449433025733808
26.228950276243097,0.120633042613968
26.26232044198895,0.16381323134881598
26.29569060773481,0.1460723713323173
26.329060773480666,0.09782593374471721
26.36243093922652,0.06714764982040473
26.395801104972378,0.05683038995255189
26.429171270718236,0.019483584691076757
26.46254143646409,0.03328819826730704
26.495911602209947,0.015655281212639566
26.529281767955805,0.03983998270721186
26.56265193370166,0.018515802346327145
26.596022099447516,0.017764775058062815
26.62939226519337,-0.037452803916333426
26.662762430939228,-0.11439963545737579
26.696132596685086,-0.07472613651678578
26.72950276243094,-0.02327954256121582
26.762872928176797,-0.05844153462207717
26.796243093922655,-0.023575442746879595
26.82961325966851,-0.08636714489824326
26.862983425414367,-0.013886263549607373
26.896353591160224,0.08344834038056174
26.92972375690608,-0.054647084859344164
26.963093922651936,-0.05653010798924398
26.996464088397794,0.019848613308225842
27.029834254143648,0.013146423989388853
27.063204419889505,-0.027422098778581934
27.096574585635363,-0.024839488753567923
27.129944751381217,0.08597905946077547
27.163314917127074,0.12507521878428365
27.19668508287293,0.1932180443819461
27.230055248618786,0.1621641957224433
27.263425414364644,0.2259795862650644
27.296795580110498,0.05823195077214549
27.330165745856355,0.07986995643883948
27.363535911602213,0.0595028968601137
27.396906077348067,-0.0025630751790712515
27.430276243093925,-0.07140033120561967
27.463646408839782,-0.11506576772655577
27.497016574585636,-0.02294606696327887
27.530386740331494,-0.0985312403956379
27.56375690607735,-0.094927472629816
27.597127071823206,-0.03832241060150865
27.630497237569063,-0.0492284281762603
27.66386740331492,-0.06379317071032353
27.697237569060775,-0.07341197170164082
27.730607734806632,-0.05858590240723404
27.76397790055249,-0.0964334307810223
27.797348066298344,-0.16323460092117503
27.8307182320442,-0.14524221623383549
27.864088397790056,-0.15058649321094836
27.897458563535913,-0.17909627760894722
27.93082872928177,-0.1990213826932056
27.964198895027625,-0.19649493666743617
27.997569060773483,-0.16793236488189694
28.03093922651934,0.043561256594834764
28.064309392265194,-0.04830830831102366
28.097679558011052,-0.03575729192060207
28.13104972375691,-0.0334975004022555
28.164419889502764,0.035280797036846015
28.19779005524862,0.030030752387217245
28.23116022099448,0.008615841376079805
28.264530386740333,-0.06319930500066885
28.29790055248619,-0.009885132257120406
28.331270718232048,-0.07174689148928144
28.364640883977902,-0.06689086970224471
28.39801104972376,-0.04740423885597731
28.431381215469614,-0.10071088426905454
28.46475138121547,-0.11613671306045681
28.49812154696133,-0.12918363581652512
28.531491712707183,-0.1261492595063419
28.56486187845304,-0.1803898827406039
28.598232044198898,-0.18181455572289612
28.631602209944752,-0.1676674095257095
28.66497237569061,-0.1639709915558945
28.698342541436467,-0.09445518335743669
28.73171270718232,-0.1386249462728652
28.76508287292818,-0.11180241889854171
28.798453038674037,-0.08653008058108197
28.83182320441989,-0.057068047933845394
28.86519337016575,-0.027365806210249394
28.898563535911606,0.007679657963055038
28.93193370165746,0.029633880155955816
28.965303867403318,0.09559647203032268
28.99867403314917,0.06687982771805155
29.03204419889503,0.04033764333884623
29.065414364640887,0.04751660463459692
29.09878453038674,0.11295972267799545
29.1321546961326,0.12606906370739257
29.165524861878456,0.12181413396904134
29.19889502762431,0.12253618599763107
29.232265193370168,0.11221533775257155
29.265635359116025,0.10165905157225358
29.29900552486188,0.12525272757133094
29.332375690607737,0.10745435623538784
29.365745856353595,0.09131844801659893
29.39911602209945,0.036684320079937015
29.432486187845306,0.023123685395996046
29.465856353591164,0.014604662250486244
29.499226519337018,-0.003885483807561938
29.532596685082876,-0.01022914073125146
29.565966850828733,-0.013986346569722499
29.599337016574587,0.0004583792916372422
29.632707182320445,-0.01247208566596802
29.6660773480663,0.009812104915651819
29.699447513812157,0.03248759352005637
29.732817679558014,0.023032148421393395
29.766187845303868,0.0037071054847464206
29.799558011049726,0.0017204024429967422
29.832928176795583,-0.0027664937722569286
29.866298342541437,0.0007264788053305323
29.899668508287295,0.0013990169446713675
29.933038674033153,-0.0008152591578597995
29.966408839779007,0.014877118369938533
29.999779005524864,0.013320513132602229
30.033149171270722,0.00817864978042247
30.066519337016576,0.003811058224656277
30.099889502762434,0.004590538877081704
30.13325966850829,0.002416942303266019
30.166629834254145,0.006134901886489884
30.2,0.004054504571248405
